<class 'int'>;superficie_selecionada;0
<class 'dict'>;pontos_controleX;{0: 6, 1: 10}
<class 'dict'>;pontos_controleY;{0: 6, 1: 10}
<class 'dict'>;TI;{0: 6, 1: 6}
<class 'dict'>;TJ;{0: 6, 1: 6}
<class 'dict'>;RESOLUTIONI;{0: 20, 1: 10}
<class 'dict'>;RESOLUTIONJ;{0: 20, 1: 10}
<class 'int'>;espacamento;15
<class 'list'>;VRP;[100, 100, 100, 1]
<class 'list'>;P;[0, 0, 0, 1]
<class 'list'>;Y;[0, 1, 0]
<class 'int'>;dp;40
<class 'list'>;windows;[-100, -100, 100, 100]
<class 'list'>;viewport;[0, 0, 500, 500]
<class 'dict'>;inp;{0: [[[-1.1159523569118852e-15, 7.163534644665633, 2.607313382793007], [3.564887630026331e-15, 2.2135886945684224, 16.76834698286977], [8.776678490261764e-15, -6.144643417498349, 29.68886587012821], [1.5132646947332258e-14, -21.847593970108193, 39.9361258659629], [1.936554451719008e-14, -23.92210262783715, 55.143733050960705], [2.284146247611399e-14, -21.137398762160217, 72.11994895645182], [2.691742930445851e-14, -22.20453573714593, 87.69420944881082]], [[15.0, 2.2843425058852116, 0.8314326770112792], [15.000000000000004, -3.3446832429097264, 14.745301443670582], [15.00000000000001, -16.068769332405235, 26.076779435992258], [15.000000000000014, -13.343916244879695, 43.03121143973859], [15.000000000000018, -12.357061876093837, 59.35306364267089], [15.000000000000025, -29.199499048057934, 69.18558442671602], [15.00000000000003, -40.17543648773652, 81.1533364926437]], [[30.0, 0.016868447269409125, 0.0061396127043438975], [30.000000000000007, -9.656702708852608, 12.447914239958518], [30, 30, 30], [30.00000000000001, -6.987796144979039, 45.34464996152355], [30.000000000000018, -11.98139475932208, 59.48979529116841], [30.000000000000025, -29.343191318777997, 69.13328471727978], [30.00000000000003, -28.294223521871643, 85.47774435919617]], [[45.0, -0.3910136608788128, -0.14231733375136194], [45.0, -7.294903528857008, 13.307538840791237], [45.00000000000001, -4.889372610482078, 30.145747079825433], [45.000000000000014, -18.27438442853796, 41.23666777989043], [45.00000000000002, -20.175750065129204, 56.50729387085329], [45.00000000000002, -24.781363548154253, 70.79365423963577], [45.00000000000003, -25.135293974007034, 86.62750068676287]], [[60.0, -3.7182230568278887, -1.3533225170476615], [60.0, -10.693927757904945, 12.070395195868157], [60.000000000000014, -14.710767388703626, 26.571051721575277], [60.000000000000014, -16.97892783876473, 41.708175418351885], [60.00000000000002, -21.229456793687365, 56.1237759860121], [60.00000000000002, -30.79484071455139, 68.60492754662774], [60.00000000000003, -38.26914031845391, 81.84717155595824]], [[75.0, -8.727979495200145, -3.176724741538632], [75.0, -2.6060422404421377, 15.014144782377315], [75.00000000000001, -0.8977813230043814, 31.598567495823616], [75.00000000000001, -8.7823931233065, 44.69147007890827], [75.00000000000003, -29.845419963816695, 52.98782185255115], [75.00000000000001, -23.91692927589003, 71.10828258421951], [75.00000000000003, -22.119214506266726, 87.7252638372018]], [[90.0, 1.3250179222852472, 0.48226708358104803], [90.0, -5.777434436494205, 13.859852421830233], [90.0, -10.868800888509618, 27.969413168693784], [90.00000000000001, -16.623215524831807, 41.837644112585416], [90.00000000000003, -29.363470946731542, 53.163236949204], [90.00000000000003, -32.58459989435581, 67.95350847867422], [90.00000000000003, -31.447666946822245, 84.32998481707166]]], 1: [[[30.0, 25.784728208534155, 30.0], [30.0, 23.566478550998355, 37.5], [30.0, 20.263729858842655, 45.0], [30.0, 21.862755550019187, 52.5], [30.0, 23.05422664322617, 60.0], [30.0, 23.91074290361772, 67.5], [30.0, 21.695851853554615, 75.0], [30.0, 20.65118805373449, 82.5], [30.0, 27.405616442393665, 90.0], [30.0, 25.54523130948997, 97.5], [30.0, 21.324007157641493, 105.0]], [[37.5, 24.002396426798683, 30.0], [37.5, 20.94123615450753, 37.5], [37.5, 24.22869346168375, 45.0], [37.5, 19.402293657847682, 52.5], [37.5, 21.967702512618235, 60.0], [37.5, 21.180682874528586, 67.5], [37.5, 24.482268577242404, 75.0], [37.5, 20.658098113870224, 82.5], [37.5, 27.42770873806569, 90.0], [37.5, 18.41373648781685, 97.5], [37.5, 27.29663558467202, 105.0]], [[45.0, 24.159465645911833, 30.0], [45.0, 22.25195878983667, 37.5], [45.0, 17.85832415731517, 45.0], [45.0, 24.49269036643665, 52.5], [45.0, 25.33704888606491, 60.0], [45.0, 18.395633347180535, 67.5], [45.0, 20.01207407269374, 75.0], [45.0, 24.216891295883514, 82.5], [45.0, 20.37890546065818, 90.0], [45.0, 22.13460614857827, 97.5], [45.0, 22.49820925193564, 105.0]], [[52.5, 19.00303743751458, 30.0], [52.5, 18.774390703447246, 37.5], [52.5, 24.017181525917685, 45.0], [52.5, 24.42637387713446, 52.5], [52.5, 23.325489353705365, 60.0], [52.5, 21.79584762617287, 67.5], [52.5, 24.31036176580804, 75.0], [52.5, 23.80034936650317, 82.5], [52.5, 21.913876784970782, 90.0], [52.5, 27.06096713124203, 97.5], [52.5, 26.465787782284124, 105.0]], [[60.0, 18.1282578623447, 30.0], [60.0, 21.072523832811207, 37.5], [60.0, 20.995835977234314, 45.0], [60.0, 19.379723380629315, 52.5], [60.0, 19.37714356017065, 60.0], [60.0, 18.595682732795833, 67.5], [60.0, 25.06330573051615, 75.0], [60.0, 24.519511750024023, 82.5], [60.0, 18.092929335114487, 90.0], [60.0, 22.904703998901976, 97.5], [60.0, 21.275887186354936, 105.0]], [[67.5, 20.87434524634584, 30.0], [67.5, 20.859443556399718, 37.5], [67.5, 24.979710405458377, 45.0], [67.5, 21.72063736283696, 52.5], [67.5, 20.317708599774793, 60.0], [67.5, 22.083577126855005, 67.5], [67.5, 23.88392102315764, 75.0], [67.5, 27.37488131071926, 82.5], [67.5, 26.050226522868726, 90.0], [67.5, 25.95355435307281, 97.5], [67.5, 19.622373102933977, 105.0]], [[75.0, 20.15757670743949, 30.0], [75.0, 22.85409268009283, 37.5], [75.0, 26.774287319500957, 45.0], [75.0, 19.254876749590387, 52.5], [75.0, 25.187424264402427, 60.0], [75.0, 23.565649062041985, 67.5], [75.0, 19.910202654873437, 75.0], [75.0, 23.760440844870217, 82.5], [75.0, 23.941557923201003, 90.0], [75.0, 25.60459098208851, 97.5], [75.0, 26.076895185728283, 105.0]], [[82.5, 20.54763108419103, 30.0], [82.5, 24.359788526731485, 37.5], [82.5, 25.98867765629887, 45.0], [82.5, 24.357990133382152, 52.5], [82.5, 18.711500785281217, 60.0], [82.5, 21.633580085439654, 67.5], [82.5, 26.715903096172543, 75.0], [82.5, 19.331161622118437, 82.5], [82.5, 21.04086897024765, 90.0], [82.5, 25.681261951205684, 97.5], [82.5, 26.00652349149098, 105.0]], [[90.0, 24.86462889123937, 30.0], [90.0, 26.672885594373327, 37.5], [90.0, 24.386739441901085, 45.0], [90.0, 22.836297261186377, 52.5], [90.0, 18.5245816413881, 60.0], [90.0, 18.759085087400255, 67.5], [90.0, 19.701835614909385, 75.0], [90.0, 20.640362896074926, 82.5], [90.0, 27.33829680167422, 90.0], [90.0, 17.579709125756843, 97.5], [90.0, 25.896240974749556, 105.0]], [[97.5, 25.34959512887244, 30.0], [97.5, 17.60573687307607, 37.5], [97.5, 19.764598778498055, 45.0], [97.5, 20.665014062171068, 52.5], [97.5, 18.846816765429768, 60.0], [97.5, 20.56696507562157, 67.5], [97.5, 21.14083329434402, 75.0], [97.5, 26.613043198176005, 82.5], [97.5, 17.660687582264803, 90.0], [97.5, 20.73150238168209, 97.5], [97.5, 22.647244709392563, 105.0]], [[105.0, 19.925181254831585, 30.0], [105.0, 23.12738296349407, 37.5], [105.0, 24.990044385425534, 45.0], [105.0, 18.34873495471036, 52.5], [105.0, 20.023170491934444, 60.0], [105.0, 18.57773815024334, 67.5], [105.0, 22.963735380002376, 75.0], [105.0, 24.80898279952146, 82.5], [105.0, 22.969148505420666, 90.0], [105.0, 24.410401273169672, 97.5], [105.0, 23.825529433783696, 105.0]]]}
<class 'dict'>;outp;{0: [[[245.39087756587156, 238.038574216255, -167.56387901802356], [233.58525979579392, 250.05382337148708, -165.17875675314295], [224.01506670781862, 260.71605323206546, -163.50607280684684], [216.0292561253833, 270.565730967152, -162.37975015254264], [209.10547217247688, 279.95665661899545, -161.6439574817793], [202.8352365832904, 289.086949345595, -161.15461869014874], [196.9091400118682, 298.03003366336327, -160.7809223631873], [191.10203334175878, 306.76562568978994, -160.4068312622773], [185.2582189956658, 315.210719386105, -159.93259181054856], [179.27664224509917, 323.2505727999418, -159.27624357877983], [173.09608086521882, 330.76969001350557, -158.37512674594706], [166.67994260036994, 337.6817852964082, -157.18690955104105], [159.99827924389456, 343.9525239177817, -155.68720910064636], [153.00701733221834, 349.61503961767085, -153.8638055322808], [145.62679664962963, 354.78443428309185, -151.71037616900483], [137.72180707825075, 359.67227332959646, -149.22022764867745], [129.07862544800975, 364.6010810828361, -146.3800280532122], [119.38505238661179, 370.0188361601252, -143.16353903783306], [108.20894916951096, 376.5134668520056, -139.5253479603305], [94.97707456988118, 384.82734650381036, -135.39460001031722]], [[259.4333856918805, 248.9887987207065, -165.16205131945523], [247.77699934225075, 261.24828766379983, -162.91911866540514], [238.2855553708643, 271.804896221605, -161.25513953400505], [230.26036976016164, 281.2126622089138, -159.98453561671246], [223.16085629890893, 289.8664363254931, -158.95415548057048], [216.5848113056004, 298.02822442568004, -158.04106681363243], [210.2486983518602, 305.8535297879772, -157.1503486703863], [203.96793298584487, 313.41769538464774, -156.2128837171793], [197.63716745564545, 320.7422461513105, -155.1831504776425], [191.2105754326896, 327.82123125653527, -154.0370155781152], [184.6821357244818, 334.6475611558411, -152.76952402275475], [178.06567646037539, 341.2381085492975, -151.3922225040182], [171.37321934334142, 347.6500367056189, -149.92716864350635], [164.5916239677323, 353.98835515275437, -148.39762616316997], [157.6589926100784, 360.41223927207864, -146.81829309188822], [150.44107400922275, 367.1413446769873, -145.18552800173222], [142.70766714645498, 374.46212159149115, -143.46757624422835], [134.10902502564613, 382.73412922881164, -141.59479618662192], [124.15225845338259, 392.3963501699752, -139.44988544814046], [112.17773981910037, 403.9735047424084, -136.8581071362574]], [[270.9562061948838, 257.67595728911357, -162.96202145936246], [259.43320532063564, 269.9716152073301, -160.79466420710034], [249.94704554327177, 279.8701491430704, -158.94714218039618], [241.81319102219632, 288.25966500213826, -157.33529695859076], [234.5109401691062, 295.7781088441678, -155.8844762956837], [227.66244500020542, 302.85385622054054, -154.5307361424576], [221.01173048841963, 309.7463015123021, -153.22204266860268], [214.40371391561024, 316.5864472680786, -151.91947428484067], [207.76322422478898, 323.4174935419934, -150.59842366504952], [201.074021372332, 330.2354272315837, -149.2497997683875], [194.35781439945202, 337.02959988033615, -147.8812259712858], [187.65297596768795, 343.820571594829, -146.5173162382265], [180.99110268544635, 350.6785524503534, -145.1934080909876], [174.37142122559158, 357.7224413850134, -143.94275237635551], [167.73489090705584, 365.1161312084331, -142.78278107262298], [160.9383049957057, 373.0648020750824, -141.70137120595467], [153.72839200520897, 381.81121495760283, -140.6431087667535], [145.71591699790173, 391.63200512013304, -139.49555262602647], [136.34978288565551, 402.83397559163495, -138.07549845175092], [124.89113173074297, 415.75039063921986, -136.11524262524003]], [[280.7323077058211, 264.77320345840593, -160.88567704909522], [269.31490620509635, 277.00318188831426, -158.7514757486641], [259.7886616969706, 286.0614528476151, -156.64665403514311], [251.51632576076372, 293.2847187431752, -154.63710174904963], [244.0162219625882, 299.6220647113549, -152.75528840789164], [236.94220442624848, 305.6971981390702, -151.00804894612537], [230.06361640413957, 311.87068818485557, -149.38436945511296], [223.24524884814582, 318.3022052999262, -147.86317292308001], [216.42729898053997, 325.01276074924033, -146.42110497507326], [209.6053288648821, 331.9469461325618, -145.0403196129183], [202.810221945985, 339.0351532653389, -143.71625840514423], [196.0876582587269, 346.2511393360753, -142.4638773191413], [189.47417360732814, 353.6365572749223, -141.31285639819242], [182.96980271509216, 361.2924513334936, -140.29179228337915], [176.51024104299378, 369.3660979411711, -139.4108383777201], [169.93900457733346, 378.0378269212281, -138.64433846027663], [162.97958961739218, 387.5078427069515, -137.91346030025852], [155.20763256308624, 397.983045557765, -137.06882927112972], [146.02306970262185, 409.66385277535153, -135.873161964714], [134.62229700014944, 422.73101991977614, -133.98389980530058]], [[289.3596190022136, 270.81059943226694, -158.87977540011238], [278.0137313861092, 282.94506332782754, -156.75359301507436], [268.423327381172, 291.2276362918922, -154.39793917065128], [260.01056642548497, 297.418839163481, -152.0276814504437], [252.33821370327604, 302.7567394873093, -149.77879779774133], [245.0916461890891, 308.04040201975056, -147.7231646809402], [238.0608586919555, 313.71333923479887, -145.88334525895928], [231.12246989956543, 319.9469618300319, -144.24737754665784], [224.22172842243918, 326.72402923257334, -142.78356258025215], [217.35451883809827, 333.92210010505585, -141.45525258273256], [210.5493647972123, 341.3969557620104, -140.23563002785988], [203.84873581790347, 349.0596033574272, -139.12032966748217], [197.2854123225901, 356.90771441033337, -138.12475196942057], [190.85390891736887, 365.01149866838716, -137.26606796592472], [184.4812013595547, 373.49315774264375, -136.54306706544787], [177.9974505871968, 382.5063116527473, -135.91599576300214], [171.10672674859376, 392.21542537212406, -135.2863963505133], [163.3577332318095, 402.77523537317427, -134.47694562717567], [154.11453069418852, 414.3101761724651, -133.21129360980723], [142.52726109187108, 426.893806875923, -131.09390224320418]], [[297.28389244854793, 276.19296168643706, -156.91204594846008], [285.97316445728285, 288.24379129538744, -154.7794328430222], [276.30945448957846, 295.957135305343, -152.2268642964232], [267.77199158276085, 301.40936968126294, -149.5865034924274], [259.9641627522859, 306.0520118587409, -147.07460167222334], [252.59787597683368, 310.81117793072, -144.81196833336512], [245.477923183401, 316.18703983420744, -142.84444142871376], [238.48634323239617, 322.3532825369896, -141.1633575653785], [231.56678490273174, 329.2565612243467, -139.7260222036582], [224.70886987691884, 336.7159584857674, -138.4761798559827], [217.93255195134046, 344.5224090705881, -137.3644732636841], [211.27158161422358, 352.5304384786109, -136.36629031947558], [204.75062137664116, 360.695352480828, -135.48107169997365], [198.35601185654403, 369.05587757025376, -134.71307920826263], [192.0056432304913, 377.70911524773487, -134.0495518621673], [185.51882291056017, 386.78546387668587, -133.43885096035535], [178.58614322125666, 396.4235405378231, -132.76860514843963], [170.73934907642578, 406.7451028838998, -131.843855485081], [161.32120565616148, 417.8299709944414, -130.36520050809034], [149.45536608371742, 429.6909492304792, -127.90694130053123]], [[304.82156743665934, 281.21770657401703, -154.9672926792503], [293.50979650216254, 293.2121101225572, -152.81820893808202], [283.7726325275941, 300.61841135748483, -150.14281061287247], [275.13506543220535, 305.6832727531242, -147.34384334777184], [267.2317733007231, 309.97260174135005, -144.6852421914407], [259.79360779686647, 314.4795539698424, -142.3160587633769], [252.63407957686343, 319.73253656034103, -140.29438842024263], [245.6358437029675, 325.9032113669002, -138.61129742219157], [238.73718505697448, 332.914498234143, -137.2147500991957], [231.918503753739, 340.54857825551625, -136.03353601737265], [225.1887961594507, 348.5548620166502, -135.00118508838543], [218.57109423789063, 356.7496593087049, -134.07702518711824], [212.08051210201648, 365.0569537890447, -133.2469600179599], [205.69489977087704, 373.4902825892408, -132.50396722969452], [199.32445525450686, 382.1263173930597, -131.82573903866825], [192.7813322435799, 391.0784104995581, -131.15231079502877], [185.74924779906422, 400.4701408861765, -130.3636895489649], [177.75309004187505, 410.40886027183376, -129.2574826169461], [168.1285258425304, 420.9592391800211, -127.52652614796226], [155.99160851080302, 432.11681300189684, -124.73651368976267]], [[312.1826338261157, 286.0926959307711, -153.04349655113927], [300.83457938103373, 298.0507331165493, -150.86635163188248], [291.02731787953405, 305.40037032519933, -148.1405856651383], [282.3157373230806, 310.41042122570855, -145.28985660818182], [274.3539278624754, 314.66146838236307, -142.59176019527817], [266.88322321238024, 319.15463606477573, -140.20273704782093], [259.72024206583944, 324.42036305791373, -138.18297978447072], [252.74492950880182, 330.627175472126, -136.52134013129358], [245.8885984346431, 337.6904595531712, -135.16023603189967], [239.1219709586881, 345.3812344922446, -134.02055875758174], [232.44321511329844, 353.4348904273792, -133.02656786004547], [225.86486303690816, 361.6516768001576, -132.12790481843973], [219.39279107369862, 369.9386426011828, -131.30115792609882], [212.99726178391234, 378.2930285043051, -130.53097841699747], [206.58284744811465, 386.77740935616237, -129.78831528650494], [199.95834885202137, 395.49480185709285, -129.0086379547316], [192.80671407132576, 404.56377224204743, -128.07015892987508], [184.6549572565259, 414.0935439615023, -126.7720564715666], [174.84407741775237, 424.15910536237175, -124.81269725421753], [162.49897720959473, 434.7763173689207, -121.76785903036539]], [[319.4934953846009, 290.9540826804307, -151.14791792080595], [308.0740790177267, 302.8700989738287, -148.92392763927666], [298.1985230758347, 310.3527812600205, -146.20233519689975], [289.4345412707309, 315.5668896873451, -143.38365106011298], [281.4434087670071, 320.02320846306793, -140.72924893007144], [273.96883057890676, 324.681367773041, -138.38499482376656], [266.8258099671908, 330.0526657013643, -136.40487615514542], [259.88951683600374, 336.30289015004564, -134.77463081622966], [253.08415612973937, 343.3551407586621, -133.43537625823467], [246.37183622990676, 350.9926508240201, -132.3072385726888], [239.7414326331125, 358.96157700782624, -131.3129701498545], [233.19633325368255, 367.0661548028045, -130.39886015776565], [226.73424656443848, 375.2096734321656, -129.53643204352593], [220.31907257562855, 383.38127018243335, -128.70492805686857], [213.8516554384981, 391.6350904947144, -127.87108659433201], [207.1405313299764, 400.06941584397936, -126.96890812073778], [199.87267633736326, 408.8057916183434, -125.8794210906682], [191.58425434301626, 417.96815499834713, -124.41044786994425], [181.631364909037, 427.6619628362373, -122.27637065710343], [169.16079116195857, 437.95331953524783, -119.07789740487743]], [[326.81983322829865, 295.8841564399974, -149.2931989674305], [315.2917286864199, 307.7121281937165, -146.9910598155128], [305.34350606026345, 315.4266951554226, -144.29945500419004], [296.53969547301676, 320.998245819693, -141.56235876058872], [288.53761965215267, 325.8074542013494, -139.00240777527608], [281.0763242808475, 330.7372900820906, -136.7415026318621], [273.9655083494001, 336.2650292571259, -134.82140923660137], [267.07445450665057, 342.554263781808, -133.2243602479952], [260.3209594113989, 349.5469122182662, -131.8936565063933], [253.6602640838239, 357.05522988203927, -130.7542684635962], [247.07397985539467, 364.85379121717506, -129.73342757290732], [240.557971161626, 372.7648666178846, -128.77883830598077], [234.1028350000762, 380.69691933080355, -127.86000364759741], [227.66697705358757, 388.63622243786267, -126.95266406836944], [221.14864465637072, 396.6318702857121, -126.02085712424025], [214.35795535858125, 404.78076204361264, -124.99896701643434], [206.98892549089712, 413.2125852613259, -123.77377415140782], [198.59149872909563, 422.07479942700587, -122.16650470079858], [188.54357465863006, 431.51761952508934, -119.91488016137646], [176.0230373392072, 441.6789995941872, -116.65516691499357]], [[334.1894654281499, 300.929179174864, -147.49346142450582], [322.50908200976585, 312.57197615006214, -145.06434582674083], [312.4734612573896, 320.5148601744352, -142.39450266998435], [303.63020470038157, 326.48283483735054, -139.75020756578482], [295.62331022859786, 331.69226047986933, -137.3010944689134], [288.18144721659263, 336.9292870051925, -135.1365958336164], [281.10623164781964, 342.6282866891059, -133.28238276986863], [274.2605012388343, 348.95028699042575, -131.71680519962567], [267.5565905634958, 355.8614033614447, -130.38733201307707], [260.944606177168, 363.2112720583765, -129.22699122489902], [254.40069794414194, 370.8114604563682, -128.17080190780283], [247.91443052809979, 378.5085459466949, -127.17025734512703], [241.46976869793076, 386.2193575142558, -126.1939775945356], [235.01967644889902, 393.9283799953739, -125.21453146282113], [228.45981628685368, 401.6798269177773, -124.19330969975233], [221.6022447156594, 409.5696908451471, -123.06538996921688], [214.14910772462628, 417.737793721666, -121.7244018203645], [205.66633627594013, 426.3598372165652, -120.00739165874984], [195.55734179209253, 435.6394530686737, -117.67968771747536], [183.03671164331044, 445.8002534309653, -114.4197650283343]], [[341.61429792832354, 306.1148626606572, -145.75929214958248], [329.72699754017333, 317.41899412524856, -143.1330192811659], [319.57563730196335, 325.4912979746914, -140.4430810421032], [310.67964373671185, 331.79342577502706, -137.86746296552207], [302.6620764342855, 337.36489105195716, -135.51552154303369], [295.23662319902365, 342.88696478550264, -133.4396855492565], [288.194595197363, 348.74657090466286, -131.64715736634076], [281.3919221054621, 355.10018178207457, -130.11161430849245], [274.73614725682523, 361.9377137286707, -128.78490994649752], [268.17342278992766, 369.14642248833945, -127.60877543224615], [261.6755018532644, 376.57478204868534, -126.52651466277665], [255.22603342014548, 384.0924093680003, -125.49323941047925], [248.80190769248452, 391.6219267860497, -124.47574252537422], [242.34965209358046, 399.1427621186765, -123.44200920946315], [235.76112987064585, 406.69099466861303, -122.34926825724092], [228.84923575475906, 414.3591845523962, -121.13203713572699], [221.32359162081707, 422.29620202728245, -119.69016706449678], [212.76624214748807, 430.7070568181622, -117.8768880957133], [202.60735047716423, 439.8527274444749, -115.4868541941583], [190.10089387591415, 450.0499905471238, -112.24418831726385]], [[349.10582646527666, 311.4451097379392, -144.084835628209], [336.94633778358275, 322.2120692161123, -141.17328309146032], [326.6384828076524, 330.24492630302325, -138.39552117211562], [317.66477426929276, 336.74723173083515, -135.83844947276881], [309.62136356710226, 342.5841458812961, -133.54892770116498], [302.20325348123094, 348.33213966120536, -131.54058893992612], [295.1895108881414, 354.3286953778798, -129.80065291627665], [288.4284794753686, 360.7220076146197, -128.296739271769], [281.82299245628104, 367.5206841061749, -126.9836808320094], [275.3155852848407, 374.6434466142107, -125.81033687638337], [268.87370648609726, 381.96882093231994, -124.72640241005446], [262.4744819155697, 389.38225059337856, -123.68826997467335], [256.08630968271007, 396.8049264728576, -122.65816728234074], [249.64728573845315, 404.2043322880928, -121.59657067282383], [243.04318289165064, 411.6022137998982, -120.45367110948308], [236.08542794124085, 419.08253714372404, -119.16083617747248], [228.48907880841745, 426.7994471608164, -117.62207208193927], [219.8508016687985, 434.98522572937543, -115.70548564622412], [209.62684808459562, 443.9582500957145, -113.23474631006107], [197.11103213678263, 454.13095120541914, -109.98054812777747]], [[356.6841894874086, 316.884019359766, -142.42699341206657], [344.18818266573294, 326.9093431117785, -139.14081506843337], [333.6798201751393, 334.70722785960544, -136.19836471524192], [324.5989952278594, 341.2443040657026, -133.5986515681534], [316.5109723958481, 347.2242296154053, -131.32772413774597], [309.0894774074462, 353.1244341917226, -129.3607788342253], [302.09978694404424, 359.2328636501317, -127.66426857213507], [295.3818184367452, 365.68472439337165, -126.19801137506774], [288.8332198630284, 372.49922774623803, -124.91729898037497], [282.39245954341163, 379.6163343303764, -123.77500544387843], [276.02191525200743, 386.9334930649554, -122.72369388842601], [269.6908007193806, 394.3411065004983, -121.7172833438874], [263.3569381010415, 401.74895688003073, -120.70959353567662], [256.947376411573, 409.10359292754436, -119.64976762180115], [250.33884735106074, 416.4044429696205, -118.47725502135054], [243.3382204454158, 423.71992268293116, -117.11679238683055], [235.66295818669676, 431.20354284174095, -115.47338457649737], [226.92157117343208, 439.11001706540776, -113.42728562669203], [216.59407325094253, 447.81136956588534, -110.82897972417435], [204.01243665166317, 457.81304289522393, -107.49416217845746]], [[364.3863123869254, 322.33553344596874, -140.68351139503778], [351.5139745815854, 331.4771388338288, -136.9630159753486], [340.7754460621245, 338.8790802595319, -133.79581807357195], [331.56647417444157, 345.3042884503476, -131.10168495038482], [323.42034066112933, 351.316019136833, -128.8112850675771], [315.98870297935866, 357.3035071921117, -126.86405837532584], [309.0224356187632, 363.50762077115223, -125.20608659946954], [302.35247141932376, 370.0465154500471, -123.78796352878246], [295.8706428892527, 376.9412883652915, -122.56266530224899], [289.5105235228784, 384.1416323530615, -121.48342069633804], [283.22826967419456, 391.5514896212925, -120.50158155235206], [276.9835941230136, 399.0545946951547, -119.56452640149998], [270.72167426963875, 406.5392315306925, -118.61379969575653], [264.35599495805684, 413.92220479662865, -117.58348664450811], [257.7513229917342, 421.17270042956557, -116.39862124892237], [250.70668220507724, 428.3361457219861, -114.97359447639253], [242.9383285348938, 435.5580694102546, -113.2105624349818], [234.06272509185382, 443.1079617626168, -110.99785454786782], [223.57951723195015, 451.40313466720136, -108.20838172778687], [210.85450762795955, 461.0325817200201, -104.69804455147835]], [[372.2740478975791, 327.6230737872519, -138.67106239660814], [359.0456631560702, 335.89888413453775, -134.53125649557686], [348.0877336535918, 342.85758245471925, -131.13120642005717], [338.75628156684076, 349.103174000218, -128.3262672394407], [330.5558278479392, 355.0883201399934, -126.00173675404825], [323.1181406710193, 361.13126946327736, -124.06723324201354], [316.1809838788086, 367.43278888330894, -122.45107320616694], [309.5668654292142, 374.0930947410685, -121.09464912091944], [303.1617858419085, 381.128783909013, -119.94680717914603], [296.89398664491335, 388.4897648948097, -118.95822503907003], [290.7127005209168, 396.076192501939, -118.0757914098753], [284.5673042898969, 403.75624546794074, -117.23742141608366], [278.38933083972177, 411.38988675412816, -116.36996470404901], [272.07734000472493, 418.85860648676834, -115.39020629056841], [265.48219228058866, 426.0960078759075, -114.20630319025776], [258.3923242389588, 433.11839669106377, -112.7192228816563], [250.5190239420595, 440.05537073692017, -110.82418177333099], [241.48170635730773, 447.18040932901704, -108.41208366998134], [230.79318877192844, 454.9414627694453, -105.3709582385437], [217.84496620756863, 463.9915418225389, -101.58739947429581]], [[380.44231649240726, 332.46917894929254, -136.10332874526762], [366.9858500048317, 340.18403489510996, -131.6931242002492], [355.8942349320733, 346.86288115581027, -128.14842772250245], [346.49652502210756, 353.01004241043063, -125.28318867975554], [338.27799995823887, 359.00912370800387, -122.95374653736637], [330.85733724374586, 365.13409952218524, -121.05078386972997], [323.9637840865262, 371.56040280587877, -119.4912793716864], [317.4143292837422, 378.37601404586417, -118.21046086992808], [311.09087510646594, 385.59255031742276, -117.15375833440763], [304.9174091843246, 393.15635433896455, -116.26875688974553], [298.8371789367148, 400.9595898422999, -115.49715286053119], [292.7904695410173, 408.8528337509199, -114.76742884939868], [286.69666523090456, 416.6682912741758, -113.99263182407671], [280.44059392474327, 424.25363391736107, -113.07325421341221], [273.85947539099595, 431.5073342998006, -111.90083403616873], [266.72987196019193, 438.4140072885847, -110.36155806371838], [258.75463923689864, 445.0797511323037, -108.33986498273369], [249.5498768116923, 451.76748859478255, -105.72204855787953], [238.63187897312943, 458.93230808881526, -102.39986079450506], [225.40408541971743, 467.2568048099, -98.27411510133551]], [[389.0272467814716, 336.4751411768384, -132.5690848619124], [375.6379334949743, 344.3769985239164, -128.24467051591026], [364.6162829479142, 351.26499725407723, -124.79340676755785], [355.2884835800183, 357.6238170907107, -122.02228284340856], [347.13891428353804, 363.8268628895223, -119.78431186278291], [339.78670956102644, 370.1450593320738, -117.9695376716148], [332.96232468311416, 376.7556456193236, -116.49604167629789], [326.48410084628625, 383.75097016516736, -115.30094967753202], [320.23483033065907, 391.1472852899786, -114.33143870416939], [314.13832165775597, 398.89354191414884, -113.5357438470612], [308.13596757363655, 406.8801915214674, -112.85416853325889], [302.1639826404859, 414.94971107429694, -112.2109101643865], [296.13539307052844, 422.9193557976158, -111.51167243237697], [289.92677880226586, 430.6161398319282, -110.64706431257193], [283.36568518517606, 437.91353983797, -109.49681442099273], [276.2180374897641, 444.7682058712536, -107.93398881196643], [268.17555541761305, 451.25667225661323, -105.82920877575161], [258.84316761143526, 457.6120684627489, -103.05486863616449], [247.72642616512314, 464.26082997677213, -99.48935354820486], [234.21892113379997, 471.85940917875064, -95.02125729568203]], [[398.214315909598, 339.10064329780647, -127.51027984324622], [385.4262535058077, 348.5660573547315, -123.9226576921712], [374.8475940895381, 356.6106522433255, -121.01554918471074], [365.8407419665525, 363.8100123003312, -118.63939733331206], [357.9194041774757, 370.6116692755844, -116.68254930882165], [350.7260784034246, 377.3461100326677, -115.06334125954754], [344.0095408716398, 384.23778424956515, -113.72218313032117], [337.60233426111586, 391.41611211931667, -112.61364348155973], [331.39825560823346, 398.9264920506722, -111.69853430832809], [325.3298442123892, 406.7413083687459, -110.93599585940115], [319.3458717224622, 414.77094467111044, -110.27558412431206], [313.38934908110406, 422.8761375230903, -109.64999063316341], [307.37920163299634, 430.88984260256234, -108.97224980946203], [301.19561239707724, 438.64861329426435, -108.1374338759779], [294.6658821965916, 446.0253196233023, -107.02498007336548], [287.5502919699759, 452.9618728440985, -105.50102054677134], [279.52796508174333, 459.501950029338, -103.42071223244199], [270.1827296333691, 465.82371865891605, -100.63056674433153], [258.9889807741748, 472.2725612088859, -96.97078026070932], [245.29754301221408, 479.3937997404058, -92.27756341076771]], [[408.2464899541152, 339.64339562738195, -120.20012004518213], [396.91623618959375, 352.89229204496974, -118.39680576936277], [387.38287035371184, 363.6500946417968, -116.76919547027744], [379.10332485736984, 372.7374822830524, -115.28336448639921], [371.6663638284009, 380.7966295764408, -113.91948361550605], [364.7732022834838, 388.31032767039017, -112.66773266518972], [358.2181253000565, 395.6211050522611, -111.52421400336438], [351.86910718822844, 402.95034834655553, -110.48686610877557], [345.64843066269384, 410.417423113125, -109.55137712150898], [339.5133060146442, 418.0587946453795, -108.70709839349934], [333.4364904439292, 425.8471491843652, -107.93295823516982], [327.3869453699293, 433.7106136938039, -107.19342214501391], [321.3107632791066, 441.55267512685316, -106.43478293077952], [315.11236410923493, 449.2727991845868, -105.58178072225418], [308.6357296123422, 456.7871476354378, -104.53426946699342], [301.64563787789973, 464.0492960505095, -103.16388362217954], [293.808897856012, 471.07095153888747, -101.31070484648014], [284.6755838806059, 477.9426704829508, -98.77992869190717], [273.66027019262106, 484.8545762736837, -95.33853129567547], [260.0232654631983, 492.11707704598734, -90.71193607206155]]], 1: [[[250.0, 258.6043875135324, -123.67724483333166], [223.33355479568496, 282.6332954401297, -117.40980952820144], [208.92083847350614, 290.22092047969886, -112.49515381626937], [197.80177024990974, 294.6949805697985, -108.31340039532643], [188.24071336689067, 299.3567917325841, -104.94801755662883], [179.1767651606317, 305.40620046430405, -102.21863909910627], [169.61570827761264, 312.6949936796609, -99.59627898978006], [158.49664005401618, 318.10399194043015, -95.67896601702537], [144.0839237318374, 320.76036683283075, -89.3695421375773], [117.41747852752232, 344.2563506918222, -82.95137314362243]], [[276.66644520431504, 279.99969815007574, -116.66491572711676], [250.0, 298.116776026205, -108.72536237482318], [235.58728367782118, 304.09331806148504, -103.35502357593624], [224.46821545422475, 310.41474750562554, -99.6957851140327], [214.90715857120566, 318.04865453835674, -97.17103793292512], [205.84321036494674, 324.1212653866504, -94.44822202498946], [196.28215348192765, 328.15311763600283, -90.90465989846882], [185.16308525833122, 333.1695356935626, -86.87630847617451], [170.75036893615243, 341.6859867350578, -82.22436443004418], [144.08392373183736, 353.1097441136126, -72.3916541527547]], [[291.07916152649386, 294.16170928225216, -113.60977721047314], [264.41271632217877, 305.9703131964194, -103.88591797120273], [250.0, 312.620790937285, -98.7061969753171], [238.8809317764036, 319.77589394098044, -95.28275700431645], [229.3198748933845, 326.612857434219, -92.53260015080967], [220.2559266871255, 331.2435922073345, -89.40196010271828], [210.6948698041065, 334.5190886325863, -85.64446824331313], [199.57580158051013, 340.49929148531714, -81.88871632672681], [185.16308525833122, 349.8989671819173, -77.4865859377708], [158.4966400540162, 362.4175198536667, -67.96353053081293]], [[302.19822975009026, 302.4297984391935, -110.50113726200327], [275.5317845457752, 312.43097091460527, -100.26605921198336], [261.11906822359646, 321.41676576893224, -95.74686564295753], [250.0, 328.95642684186123, -92.4321951193629], [240.4389431169809, 334.38135021653125, -89.28265300859721], [231.37499491072197, 337.35119660152486, -85.68224278369188], [221.81393802770293, 339.6580598869863, -81.65078009963554], [210.6948698041065, 345.64217626534605, -77.89613509525347], [196.28215348192765, 355.92508574373164, -73.74382094488689], [169.6157082776126, 372.34811247104926, -65.32511757059267]], [[311.75928663310935, 306.60182050260585, -106.99722114589844], [285.0928414287943, 316.8047435386662, -96.81920677169566], [270.6801251066155, 327.0225352608378, -92.64847453853122], [259.5610568830191, 334.5599348977815, -89.33316438424845], [250.0, 339.4133172305527, -86.02196605490151], [240.9360517937411, 342.46203322513855, -82.44386352430506], [231.374994910722, 344.8626350934153, -78.43891411527571], [220.2559266871256, 349.6860948173461, -74.35598583450324], [205.84321036494666, 359.04599983735955, -69.94260659950451], [179.17676516063165, 380.23117757157445, -62.870842933214874]], [[320.8232348393683, 310.6364467713838, -103.69797615151109], [294.15678963505326, 320.01585481199635, -93.28703656223232], [279.74407331287443, 330.81923711018067, -89.2819343559869], [268.62500508927803, 337.89259583703574, -85.8353736119955], [259.0639482062589, 342.6630174498433, -82.50071044758516], [249.99999999999994, 347.06590431513814, -79.30562527921418], [240.4389431169809, 350.9011167065219, -75.70644500188504], [229.3198748933845, 355.2039667898081, -71.4762660782122], [214.90715857120568, 362.6857683950943, -66.5316789790842], [188.24071336689065, 382.9831688117348, -59.208813968218365]], [[330.3842917223874, 315.83381864968504, -100.48407275828475], [303.71784651807235, 323.889452156959, -89.69871318929168], [289.30513019589347, 335.28047826503837, -85.85982175220592], [278.18606197229707, 342.58935533160223, -82.47987565425521], [268.62500508927803, 347.5197210238913, -79.19045150712972], [259.56105688301903, 352.4127879942172, -76.13401020926676], [249.99999999999997, 357.5165199132634, -72.89362143596875], [238.88093177640357, 363.1093466556776, -69.0283030095926], [224.46821545422478, 369.72402503725937, -63.8384564258223], [197.80177024990968, 383.9448231309939, -54.79686873131618]], [[341.5033599459838, 320.34498739813534, -96.31281525092601], [314.8369147416688, 329.388257635674, -85.80680153366055], [300.4241984194899, 341.4888156245795, -82.16859601833487], [289.3051301958935, 350.6496265963735, -79.31245592946318], [279.74407331287443, 356.14309153277327, -76.18230029993435], [270.68012510661555, 359.97619415996076, -72.82605581213176], [261.1190682235964, 364.90099342538537, -69.53505724173314], [250.0, 371.6336518489128, -65.99213189980757], [235.58728367782118, 378.3082182073595, -60.81922419385836], [208.92083847350614, 388.05034299678766, -50.51087639367455]], [[355.9160762681626, 323.5931315821315, -90.170769003072], [329.2496310638476, 340.28884510603126, -81.82919310197914], [314.83691474166875, 351.7886036756522, -78.0210558492498], [303.7178465180723, 361.4021313220262, -75.29296337259885], [294.1567896350533, 367.53212715316045, -72.3428458679106], [285.0928414287944, 371.3641471073556, -68.98629515394215], [275.5317845457752, 375.19832202939494, -65.38682143596957], [264.4127163221788, 380.08575481380797, -61.32198746914918], [250.0, 388.0513603786429, -56.51424079424592], [223.33355479568493, 397.7387904064813, -46.19042297933588]], [[382.58252147247765, 347.11169210921577, -83.75898565515917], [355.91607626816267, 356.38921907087126, -73.31922974515832], [341.5033599459838, 370.1728676436511, -70.15707413591615], [330.3842917223874, 378.3359619141868, -67.01873714897933], [320.82323483936835, 383.5680789390658, -63.81466116725639], [311.75928663310935, 386.70117167562836, -60.260423983230424], [302.1982297500903, 388.3322431044188, -56.03781849736501], [291.07916152649386, 392.19810420557974, -51.68404042466631], [276.6664452043151, 400.497006584186, -46.97056432462925], [250.0, 415.69669418983494, -38.20584839488595]]]}
<class 'dict'>;inp_Axo;{0: [[[245.39087756587156, 238.038574216255, -167.56387901802356], [220.3574703478095, 262.5956534724152, -162.24585508377862], [197.51700404373625, 292.84377269674565, -159.61181758600145], [179.4022364646454, 335.3558522265489, -162.76166199757085], [152.51873104931238, 355.11162438020386, -155.17926402755833], [122.50873758516315, 366.75364922205574, -143.77029167823986], [94.97707456988118, 384.82734650381036, -135.39460001031722]], [[275.0467250844586, 261.49499370065115, -162.7459330784637], [250.4502476908474, 287.18597723958214, -157.9626767319059], [230.41883536775546, 324.72405050532547, -158.76669939168488], [200.44735076521732, 336.4660121348762, -147.40485884677966], [171.59411982967225, 351.11002473753547, -137.41167244827395], [154.21251452328232, 395.52478015362436, -141.45884956183573], [133.0563179198404, 430.1438544375857, -140.8862251203846]], [[303.0221551845483, 280.59045542696384, -155.8712889715796], [281.02799716223296, 313.03488291758356, -154.27306595234978], [250.0, 250.00000000000003, -121.2435565298214], [222.87423489318203, 341.16209050746374, -133.73923280494984], [197.86891443452927, 365.7920594932811, -128.4555848453689], [180.82147251576902, 411.07402349796814, -132.91175154649358], [151.9282768966967, 425.61432121719474, -122.86965153255905]], [[329.80109676292653, 296.58083394967514, -147.53223743667147], [306.0248854954195, 324.4005421060442, -143.7529220274703], [276.2588574232888, 336.6756970007722, -132.64254404472518], [256.6526943317433, 375.3173615022513, -133.96703816924276], [229.65778617703313, 394.78402534554795, -126.24829204704507], [204.40283043893106, 418.76614999422475, -120.65911022659638], [176.4122799513558, 435.6489593094799, -111.72177654468086]], [[358.4583760003243, 317.4458055920686, -141.4921228077947], [334.7283714414824, 345.3854277069642, -137.76936075967137], [309.0945900390212, 368.3844378617285, -131.71652625326124], [282.33568300489543, 388.4635631722772, -124.28662685857863], [256.8522607142225, 411.8527797887417, -118.41782002663277], [234.78849345040157, 444.11655992446225, -116.73440079492777], [211.37929210759023, 472.8887187997882, -113.40427653978311]], [[388.19823048924025, 341.1202368900514, -136.7769947633698], [356.0410124991386, 347.1898632601161, -122.73998922494704], [326.72361809228346, 360.62929581680146, -112.17870340645547], [303.5784175874984, 390.08658000090963, -109.17169532099811], [288.91240109186856, 441.5487320707648, -116.54253860751044], [256.8796494379004, 447.94136891918276, -102.65787003167902], [227.5046991208167, 461.23143448498115, -92.02614032598255]], [[408.2464899541152, 339.64339562738195, -120.20012004518213], [384.5980366826708, 367.7946566574323, -116.57717033028459], [359.65562147349397, 392.5878750434918, -111.37051342654966], [335.13982111477674, 418.4882286694901, -106.68599939721925], [315.1188123754498, 456.0533009349061, -107.50275522164381], [288.973059140253, 477.7236605345688, -100.82330763772188], [260.0232654631983, 492.11707704598734, -90.71193607206155]]], 1: [[[250.0, 258.6043875135324, -123.67724483333166], [236.74174785275224, 270.78702611228505, -120.62782485131754], [223.48349570550448, 285.1833890955041, -118.20454067887714], [210.2252435582567, 289.5740470175484, -112.95121574671305], [196.96699141100893, 294.7966222790516, -107.93319257139615], [183.70873926376117, 300.70292122995227, -103.1085556589716], [170.45048711651341, 312.87870409990956, -100.05719658402903], [157.19223496926563, 322.6657705980372, -96.33020649114565], [143.93398282201787, 316.5330068305812, -88.10040842380903], [130.6757306747701, 327.9851575273402, -84.84437526216516], [117.41747852752232, 344.2563506918222, -82.95137314362243]], [[263.25825214724773, 269.89721247439445, -120.37614754837966], [250.0, 283.80043516058566, -117.81338223669735], [236.7417478527522, 284.74459647864495, -111.58524085652756], [223.48349570550445, 302.25109926989836, -110.04163706356688], [210.2252435582567, 304.66913581959113, -104.23037055176147], [196.96699141100893, 313.9302883748465, -100.35462953274785], [183.70873926376117, 314.8456102262797, -94.11833111961121], [170.4504871165134, 330.3063209430476, -91.99608994714396], [157.19223496926563, 324.14256656707596, -83.75752641203357], [143.93398282201787, 350.19691582053736, -84.63161869826035], [130.67573067477008, 339.71942941346424, -75.17294749458455]], [[276.5165042944955, 277.23125171965467, -115.9553365735211], [263.2582521472478, 288.77958923105604, -112.72650915143494], [250.0, 305.40271381550207, -110.9330482703199], [236.7417478527522, 299.5150259457742, -102.77256813465885], [223.48349570550448, 305.4461417810875, -97.95495049713674], [210.2252435582567, 327.2699023630291, -97.63245160814648], [196.96699141100896, 331.6250119950919, -92.36907210122018], [183.70873926376117, 330.6966202258881, -85.61129272659619], [170.4504871165134, 346.1855314523619, -83.49702786278732], [157.19223496926566, 350.2563778765113, -78.15324657907806], [143.93398282201787, 357.16883159594374, -73.6131932105543]], [[289.7747564417433, 295.4114221707412, -114.60227476877402], [276.5165042944956, 303.53280080845434, -110.40415700331494], [263.2582521472478, 300.4856543019858, -103.04710329173453], [250.0, 307.3050493589076, -98.480728958687], [236.74174785275224, 317.20687592854523, -94.78619791571329], [223.48349570550448, 327.9838994761793, -91.33920995994566], [210.22524355825672, 330.50582442811043, -85.55732752562398], [196.96699141100893, 339.2015383249658, -81.5216563027305], [183.70873926376117, 350.706939803251, -78.2806847365749], [170.45048711651341, 347.85514107580696, -70.97888372068965], [157.19223496926563, 356.72470128066163, -66.99238365910443]], [[303.03300858899104, 304.8517139474177, -110.77720197305774], [289.7747564417433, 306.4964116480457, -104.74720220352086], [276.5165042944955, 314.30760552393616, -100.46135093865956], [263.25825214724773, 325.26113699393915, -97.06428696242801], [250.0, 332.92105847659633, -92.73564940354208], [236.74174785275224, 342.170864156995, -88.8566990036659], [223.48349570550448, 336.623539442272, -80.79248810599287], [210.2252435582567, 345.38820970297166, -76.7763206880915], [196.96699141100893, 366.16107157122883, -76.15658275638665], [183.70873926376117, 363.9937331144834, -69.04837634004693], [170.4504871165134, 374.9731969566865, -65.65864714630935]], [[316.2912607362388, 306.9009419937009, -104.86162066376426], [303.03300858899104, 314.58601538712594, -100.54009713954383], [289.7747564417433, 313.83021134640774, -93.83113294618454], [276.5165042944955, 328.1374217833404, -91.38263262572846], [263.25825214724773, 338.6557935753514, -87.8624869058141], [250.0, 342.7058849847267, -82.51283521742864], [236.74174785275224, 346.6856038413611, -77.14327916534222], [223.48349570550445, 347.2143664401872, -70.79764528466605], [210.2252435582567, 357.57296214935843, -67.23230806409268], [196.96699141100893, 365.4249488358289, -62.95799474842531], [183.70873926376115, 386.00307389195655, -62.28317692855907]], [[329.5495128834866, 316.0186950932323, -100.9453201537263], [316.2912607362388, 318.1691103592086, -95.05835891211858], [303.03300858899104, 317.82170200628616, -88.46490646285838], [289.7747564417433, 340.8252900047931, -88.47611316062137], [276.5165042944955, 336.37018354590225, -80.7208282370422], [263.25825214724773, 347.33527376150136, -77.32703356776787], [250.0, 362.45157794074294, -75.1073795160327], [236.7417478527522, 362.24696759221604, -68.55431644167167], [223.48349570550445, 369.5319193504017, -64.11962142882037], [210.2252435582567, 373.7919227802206, -58.82934182567823], [196.9669914110089, 380.4824913078438, -54.22652984764521]], [[342.80776503073434, 322.8771553769459, -96.38999513538802], [329.5495128834866, 322.75027702866214, -89.85891799082187], [316.2912607362388, 327.07997646235435, -84.58835139446388], [303.03300858899104, 338.0632588761093, -81.19970225586181], [289.7747564417433, 357.2437624397298, -80.12957738204206], [276.5165042944956, 358.9337484914796, -74.11238709257995], [263.2582521472478, 356.21415553409275, -66.8479795153025], [250.0, 378.9428513917911, -66.78143497432124], [236.74174785275224, 383.10758132765227, -61.46420795772116], [223.48349570550448, 381.29007426606654, -54.45494880209719], [210.2252435582567, 388.2807923733884, -49.937031945334255]], [[356.06601717798213, 321.7197759498247, -89.56744827047544], [342.80776503073434, 325.6833428571508, -84.19332375723492], [329.5495128834866, 338.0045745958349, -81.18310383484939], [316.2912607362388, 348.8240568907315, -77.7481250263258], [303.03300858899104, 365.2799649906739, -75.90736818116325], [289.7747564417433, 372.4559422821596, -71.44185053456005], [276.5165042944956, 378.1862162724095, -66.5674262448018], [263.25825214724773, 383.92511092815926, -61.69544024745687], [250.0, 377.9076660413524, -53.4982592851226], [236.74174785275224, 405.4819551677248, -54.80225548780186], [223.48349570550445, 396.1605610642245, -45.67057656713963]], [[369.3242693252299, 328.38449820879015, -84.95732586370792], [356.06601717798213, 351.8462381276043, -85.09811749333606], [342.80776503073434, 355.0941351626213, -79.52157097217525], [329.5495128834866, 360.9108256074835, -74.67158894684201], [316.2912607362388, 372.27686074428425, -71.39119862663324], [303.03300858899104, 376.4202781555811, -66.06794351777573], [289.7747564417433, 382.90353000555365, -61.40649352829476], [276.5165042944955, 379.3880837602569, -53.91698464833304], [263.25825214724773, 405.31665858555596, -54.755502554138445], [250.0, 406.70303957078715, -48.652439784141194], [236.7417478527522, 410.44720236569924, -43.21625841661739]], [[382.58252147247765, 347.11169210921577, -83.75898565515917], [369.3242693252299, 348.2298806890036, -77.5800666177412], [356.06601717798213, 352.0823944291185, -72.17453152545774], [342.80776503073434, 373.29356598297096, -71.67876629413055], [329.5495128834866, 377.53029420135, -66.38190346705136], [316.2912607362389, 388.1354260599303, -62.88629719969991], [303.0330085889911, 386.83720215098595, -56.023913499511394], [289.7747564417433, 390.7252620746757, -50.62843238620839], [276.5165042944956, 402.1354635473904, -47.36053419224959], [263.2582521472478, 406.8481741007886, -42.19829949989722], [250.0, 415.69669418983494, -38.20584839488595]]]}
<class 'int'>;quantidadeSuperfice;2
<class 'dict'>;ponto_inicial;{0: [0, 0, 0], 1: [4, 4, 4]}
<class 'dict'>;cor_aresta_frente;{0: '#0080c0', 1: 'Green'}
<class 'dict'>;cor_aresta_fundo;{0: 'Red', 1: 'Red'}
<class 'list'>;faces;[]
<class 'list'>;constante;[]
<class 'bool'>;sobreamento;False
<class 'tkinter.Button'>;botao_atualizar;.!frame.!button2
<class 'tkinter.StringVar'>;var_superficie;PY_VAR0
<class 'tkinter.Menubutton'>;menu_button;.!frame.!menubutton
<class 'tkinter.Menu'>;menu;.!frame.!menubutton.!menu
<class 'tkinter.IntVar'>;click_x;PY_VAR1
<class 'tkinter.IntVar'>;click_y;PY_VAR2
<class 'tuple'>;ila;(80, 150, 250)
<class 'tuple'>;il;(120, 40, 248)
<class 'tuple'>;Luz;(80, 80, 80)
<class 'dict'>;ka;{0: (0.2, 0.5, 0.8), 1: (0.2, 0.5, 0.8)}
<class 'dict'>;kd;{0: (0.1, 0.2, 0.5), 1: (0.1, 0.2, 0.5)}
<class 'dict'>;ks;{0: (0.3, 0.1, 0.8), 1: (0.3, 0.1, 0.8)}
<class 'dict'>;n;{0: 3, 1: 3}
